% input_data.m
% @author Saeed Motedaveli (9415624)

% **************** Sample data 1 ***************

% Power station 1:
p1 = [150   200   250   300   350   400   450   500   550   600];
lambda1 = [6.8634    6.9050    6.9682    7.0529    7.1591    7.2869    7.4363    7.6072    7.7996    8.0136];

% Power station 2:
p2 = [100   150   200   250   300   350   400];
lambda2 = [8.2380    8.3165    8.4412    8.6121    8.8292    9.0925    9.4020];

% Power station 3:
p3 = [50   100   150   200];
lambda3 = [8.4510    8.6623    9.1433    9.8940];

% Power station 4:
p4 = [150   200   250   300   350   400];
lambda4 = [10.0000   10.2917   10.6875   11.1875   11.7917   12.5000];

% Number of power stations:
num = 4;

% Power of loads
Pr = 1100;

% **************** Sample data 2 ***************

%p1 = [150 300 600];
%lambda1 = [6.8634 7.248 8.0136];

%p2 = [100 250 400];
%lambda2 = [8.238 8.82 9.402];

%p3 = [50 100 200];
%lambda3 = [8.451 8.934 9.894];

%num = 3;

%Pr = 850;
